Gauss com multiplicador

4.000000 -1.000000 0.000000 -1.000000 3.000000
0.000000 3.750000 -1.000000 -0.250000 6.750000
0.000000 0.000000 3.733333 -1.066667 2.800000
0.000000 0.000000 0.000000 3.428571 14.000000

Solução:

2.416667 2.583333 1.916667 4.083333 

Resíduo:

0.000000
0.000000
0.000000
0.000000



Gauss sem multiplicador

4.000000 -1.000000 0.000000 -1.000000 3.000000
0.000000 15.000000 -4.000000 -1.000000 27.000000
0.000000 0.000000 224.000000 -64.000000 168.000000
0.000000 0.000000 0.000000 46080.000000 188160.000000

Solução:

2.416667 2.583333 1.916667 4.083333 

Resíduo:

0.000000
0.000000
0.000000
0.000000



Sem pivoteamento

1.000000 -4.000000 1.000000 -0.000000 -6.000000
0.000000 1.000000 -0.266667 -0.066667 1.800000
0.000000 0.000000 1.000000 -0.285714 0.750000
0.000000 0.000000 0.000000 1.000000 4.083333

Solução:

2.416667 2.583333 1.916667 4.083333 

Resíduo:

0.000000
-0.000000
0.000000
0.000000



Gauss com multiplicador

4.000000 -1.000000 0.000000 -1.000000 3.000000
0.000000 3.750000 -1.000000 -0.250000 6.750000
0.000000 0.000000 3.733333 -1.066667 2.800000
0.000000 0.000000 0.000000 3.428571 14.000000

Solução:

2.416667 2.583333 1.916667 4.083333 

Resíduo:

0.000000
0.000000
0.000000
0.000000



Gauss sem multiplicador

4.000000 -1.000000 0.000000 -1.000000 3.000000
0.000000 15.000000 -4.000000 -1.000000 27.000000
0.000000 0.000000 224.000000 -64.000000 168.000000
0.000000 0.000000 0.000000 46080.000000 188160.000000

Solução:

2.416667 2.583333 1.916667 4.083333 

Resíduo:

0.000000
0.000000
0.000000
0.000000



Sem pivoteamento

-nan -inf inf -inf inf
-nan -nan -nan -nan -nan
-nan -nan -nan -nan -nan
-nan -nan -nan -nan -nan

Solução:

-nan -nan -nan -nan 

Resíduo:

-nan
-nan
-nan
-nan



Gauss com multiplicador

3.000000 2.000000 -1.000000 8.000000
0.000000 -5.333333 2.666667 -9.333333
0.000000 0.000000 5.500000 2.750000

Solução:

1.500000 2.000000 0.500000 

Resíduo:

0.000000
0.000000
0.000000



Gauss sem multiplicador

3.000000 2.000000 -1.000000 8.000000
0.000000 -16.000000 8.000000 -28.000000
0.000000 0.000000 -264.000000 -132.000000

Solução:

1.500000 2.000000 0.500000 

Resíduo:

0.000000
0.000000
0.000000



Sem pivoteamento

1.000000 0.666667 -0.333333 2.666667
0.000000 1.000000 -0.500000 1.750000
0.000000 0.000000 1.000000 0.500000

Solução:

1.500000 2.000000 0.500000 

Resíduo:

0.000000
0.000000
0.000000



Gauss com multiplicador

4.000000 -2.000000 1.000000 2.000000
0.000000 -4.500000 -2.250000 -4.500000
0.000000 0.000000 4.500000 0.000000

Solução:

1.000000 1.000000 0.000000 

Resíduo:

0.000000
0.000000
0.000000



Gauss sem multiplicador

4.000000 -2.000000 1.000000 2.000000
0.000000 -18.000000 -9.000000 -18.000000
0.000000 0.000000 -324.000000 0.000000

Solução:

1.000000 1.000000 -0.000000 

Resíduo:

0.000000
0.000000
0.000000



Sem pivoteamento

1.000000 -0.500000 0.250000 0.500000
0.000000 1.000000 0.500000 1.000000
0.000000 0.000000 1.000000 0.000000

Solução:

1.000000 1.000000 0.000000 

Resíduo:

0.000000
0.000000
0.000000



Gauss com multiplicador

10.000000 1.000000 1.000000 12.000000
0.000000 9.900000 0.900000 10.800000
0.000000 0.000000 9.818182 9.818182

Solução:

1.000000 1.000000 1.000000 

Resíduo:

0.000000
0.000000
0.000000



Gauss sem multiplicador

10.000000 1.000000 1.000000 12.000000
0.000000 99.000000 9.000000 108.000000
0.000000 0.000000 9720.000000 9720.000000

Solução:

1.000000 1.000000 1.000000 

Resíduo:

0.000000
0.000000
0.000000



Sem pivoteamento

1.000000 1.000000 10.000000 12.000000
0.000000 1.000000 11.000000 12.000000
0.000000 0.000000 1.000000 1.000000

Solução:

1.000000 1.000000 1.000000 

Resíduo:

0.000000
0.000000
0.000000



Gauss com multiplicador

10.000000 2.000000 1.000000 7.000000
0.000000 4.800000 0.900000 -8.700000
0.000000 0.000000 9.312500 9.312500

Solução:

1.000000 -2.000000 1.000000 

Resíduo:

0.000000
0.000000
0.000000



Gauss sem multiplicador

10.000000 2.000000 1.000000 7.000000
0.000000 48.000000 9.000000 -87.000000
0.000000 0.000000 4470.000000 4470.000000

Solução:

1.000000 -2.000000 1.000000 

Resíduo:

0.000000
0.000000
0.000000



Sem pivoteamento

1.000000 0.200000 0.100000 0.700000
0.000000 1.000000 0.187500 -1.812500
0.000000 0.000000 1.000000 1.000000

Solução:

1.000000 -2.000000 1.000000 

Resíduo:

0.000000
0.000000
0.000000



Gauss com multiplicador

5.000000 1.000000 1.000000 6.000000
0.000000 3.400000 0.400000 9.400000
0.000000 0.000000 5.117647 -10.235294

Solução:

1.000000 3.000000 -2.000000 

Resíduo:

0.000000
0.000000
0.000000



Gauss sem multiplicador

5.000000 1.000000 1.000000 6.000000
0.000000 17.000000 2.000000 47.000000
0.000000 0.000000 435.000000 -870.000000

Solução:

1.000000 3.000000 -2.000000 

Resíduo:

0.000000
0.000000
0.000000



Sem pivoteamento

1.000000 0.200000 0.200000 1.200000
0.000000 1.000000 0.117647 2.764706
0.000000 0.000000 1.000000 -2.000000

Solução:

1.000000 3.000000 -2.000000 

Resíduo:

0.000000
0.000000
0.000000



Gauss com multiplicador

1.000000 0.500000 -0.100000 0.100000 0.200000
0.000000 0.900000 -0.180000 -0.120000 -2.640000
0.000000 0.000000 0.860000 0.123333 -0.886667
0.000000 0.000000 0.000000 0.986047 -1.518605

Solução:

1.923349 -3.300708 -0.810142 -1.540094 

Resíduo:

0.000000
0.000000
0.000000
0.000000



Gauss sem multiplicador

1.000000 0.500000 -0.100000 0.100000 0.200000
0.000000 0.900000 -0.180000 -0.120000 -2.640000
0.000000 0.000000 0.774000 0.111000 -0.798000
0.000000 0.000000 0.000000 0.686880 -1.057860

Solução:

1.923349 -3.300708 -0.810142 -1.540094 

Resíduo:

0.000000
-0.000000
0.000000
0.000000



Sem pivoteamento

1.000000 0.500000 -0.100000 0.100000 0.200000
0.000000 1.000000 -0.200000 -0.133333 -2.933333
0.000000 0.000000 1.000000 0.143411 -1.031008
0.000000 0.000000 0.000000 1.000000 -1.540094

Solução:

1.923349 -3.300708 -0.810142 -1.540094 

Resíduo:

0.000000
0.000000
0.000000
0.000000



Gauss com multiplicador

2.000000 1.000000 3.000000 9.000000
0.000000 -1.000000 1.000000 1.000000
0.000000 0.000000 1.000000 -2.000000

Solução:

9.000000 -3.000000 -2.000000 

Resíduo:

0.000000
0.000000
0.000000



Gauss sem multiplicador

2.000000 1.000000 3.000000 9.000000
0.000000 -2.000000 2.000000 2.000000
0.000000 0.000000 -4.000000 8.000000

Solução:

9.000000 -3.000000 -2.000000 

Resíduo:

0.000000
0.000000
0.000000



Sem pivoteamento

1.000000 0.500000 1.500000 4.500000
0.000000 1.000000 -1.000000 -1.000000
0.000000 0.000000 1.000000 -2.000000

Solução:

9.000000 -3.000000 -2.000000 

Resíduo:

0.000000
0.000000
0.000000



Gauss com multiplicador

2.000000 1.000000 3.000000 9.000000
0.000000 -1.000000 1.000000 1.000000
0.000000 0.000000 1.000000 -2.000000

Solução:

9.000000 -3.000000 -2.000000 

Resíduo:

0.000000
0.000000
0.000000



Gauss sem multiplicador

2.000000 1.000000 3.000000 9.000000
0.000000 -2.000000 2.000000 2.000000
0.000000 0.000000 -4.000000 8.000000

Solução:

9.000000 -3.000000 -2.000000 

Resíduo:

0.000000
0.000000
0.000000



Sem pivoteamento

1.000000 0.000000 3.000000 3.000000
0.000000 1.000000 -1.000000 -1.000000
0.000000 0.000000 1.000000 -2.000000

Solução:

9.000000 -3.000000 -2.000000 

Resíduo:

0.000000
0.000000
0.000000



Gauss com multiplicador

3.000000 0.000000 1.000000 3.000000
0.000000 -1.000000 -0.333333 0.000000
0.000000 0.000000 0.666667 6.000000

Solução:

-2.000000 -3.000000 9.000000 

Resíduo:

0.000000
-0.000000
-0.000000



Gauss sem multiplicador

3.000000 0.000000 1.000000 3.000000
0.000000 -3.000000 -1.000000 0.000000
0.000000 0.000000 -6.000000 -54.000000

Solução:

-2.000000 -3.000000 9.000000 

Resíduo:

0.000000
0.000000
0.000000



Sem pivoteamento

1.000000 0.000000 0.333333 1.000000
0.000000 1.000000 0.333333 -0.000000
0.000000 0.000000 1.000000 9.000000

Solução:

-2.000000 -3.000000 9.000000 

Resíduo:

0.000000
0.000000
0.000000



Gauss com multiplicador

5.000000 2.000000 2.000000 3.000000
0.000000 6.000000 8.000000 -6.000000
0.000000 0.000000 -2.866667 0.000000

Solução:

1.000000 -1.000000 -0.000000 

Resíduo:

0.000000
0.000000
0.000000



Gauss sem multiplicador

5.000000 2.000000 2.000000 3.000000
0.000000 30.000000 40.000000 -30.000000
0.000000 0.000000 -430.000000 0.000000

Solução:

1.000000 -1.000000 -0.000000 

Resíduo:

0.000000
0.000000
0.000000



Sem pivoteamento

1.000000 0.400000 0.400000 0.600000
0.000000 1.000000 0.230769 -1.000000
0.000000 0.000000 1.000000 0.000000

Solução:

1.000000 -1.000000 0.000000 

Resíduo:

0.000000
0.000000
0.000000



Gauss com multiplicador

5.000000 1.000000 1.000000 5.000000
0.000000 3.400000 0.400000 3.000000
0.000000 0.000000 5.117647 -5.117647

Solução:

1.000000 1.000000 -1.000000 

Resíduo:

0.000000
0.000000
0.000000



Gauss sem multiplicador

5.000000 1.000000 1.000000 5.000000
0.000000 17.000000 2.000000 15.000000
0.000000 0.000000 435.000000 -435.000000

Solução:

1.000000 1.000000 -1.000000 

Resíduo:

0.000000
0.000000
0.000000



Sem pivoteamento

1.000000 0.200000 0.200000 1.000000
0.000000 1.000000 0.117647 0.882353
0.000000 0.000000 1.000000 -1.000000

Solução:

1.000000 1.000000 -1.000000 

Resíduo:

0.000000
0.000000
0.000000



Gauss com multiplicador

5.000000 2.000000 2.000000 3.000000
0.000000 6.000000 8.000000 -6.000000
0.000000 0.000000 -2.866667 0.000000

Solução:

1.000000 -1.000000 -0.000000 

Resíduo:

0.000000
0.000000
0.000000



Gauss sem multiplicador

5.000000 2.000000 2.000000 3.000000
0.000000 30.000000 40.000000 -30.000000
0.000000 0.000000 -430.000000 0.000000

Solução:

1.000000 -1.000000 -0.000000 

Resíduo:

0.000000
0.000000
0.000000



Sem pivoteamento

1.000000 3.000000 1.000000 -2.000000
0.000000 1.000000 0.230769 -1.000000
0.000000 0.000000 1.000000 0.000000

Solução:

1.000000 -1.000000 0.000000 

Resíduo:

0.000000
0.000000
0.000000



Gauss com multiplicador

20.000000 2.000000 6.000000 38.000000
0.000000 -20.100000 8.700000 21.100000
0.000000 0.000000 -23.716418 -68.358209

Solução:

1.015523 0.197818 2.882316 

Resíduo:

0.000000
0.000000
0.000000



Gauss sem multiplicador

20.000000 2.000000 6.000000 38.000000
0.000000 -402.000000 174.000000 422.000000
0.000000 0.000000 190680.000000 549600.000000

Solução:

1.015523 0.197818 2.882316 

Resíduo:

0.000000
0.000000
0.000000



Sem pivoteamento

1.000000 0.100000 0.300000 1.900000
0.000000 1.000000 -0.432836 -1.049751
0.000000 0.000000 1.000000 2.882316

Solução:

1.015523 0.197818 2.882316 

Resíduo:

0.000000
0.000000
0.000000



Gauss com multiplicador

10.000000 2.000000 6.000000 38.000000
0.000000 -100.200000 8.400000 3.200000
0.000000 0.000000 -11.820359 -24.836327

Solução:

2.510469 0.144208 2.101148 

Resíduo:

0.000000
0.000000
0.000000



Gauss sem multiplicador

10.000000 2.000000 6.000000 38.000000
0.000000 -1002.000000 84.000000 32.000000
0.000000 0.000000 118440.000000 248860.000000

Solução:

2.510469 0.144208 2.101148 

Resíduo:

0.000000
-0.000000
0.000000



Sem pivoteamento

1.000000 0.200000 0.600000 3.800000
0.000000 1.000000 -0.083832 -0.031936
0.000000 0.000000 1.000000 2.101148

Solução:

2.510469 0.144208 2.101148 

Resíduo:

-0.000000
-0.000000
0.000000



Gauss com multiplicador

6.000000 -3.000000 12.000000 11.000000 4.000000
0.000000 -2.000000 -5.000000 10.000000 -51.000000
0.000000 0.000000 -1.000000 1.333333 -8.333333
0.000000 0.000000 0.000000 5.000000 -20.000000

Solução:

1.000000 -2.000000 3.000000 -4.000000 

Resíduo:

-0.000000
0.000000
0.000000
0.000000



Gauss sem multiplicador

6.000000 -3.000000 12.000000 11.000000 4.000000
0.000000 -12.000000 -30.000000 60.000000 -306.000000
0.000000 0.000000 72.000000 -96.000000 600.000000
0.000000 0.000000 0.000000 -25920.000000 103680.000000

Solução:

1.000000 -2.000000 3.000000 -4.000000 

Resíduo:

0.000000
0.000000
0.000000
0.000000



Sem pivoteamento

1.000000 -0.500000 1.500000 2.500000 -3.500000
0.000000 1.000000 4.000000 -2.000000 18.000000
0.000000 0.000000 1.000000 -1.333333 8.333333
0.000000 0.000000 0.000000 1.000000 -4.000000

Solução:

1.000000 -2.000000 3.000000 -4.000000 

Resíduo:

0.000000
0.000000
0.000000
0.000000



Gauss com multiplicador

4.000000 0.000000 -3.000000 -2.000000
0.000000 -4.000000 3.250000 10.500000
0.000000 0.000000 4.375000 8.750000

Solução:

1.000000 -1.000000 2.000000 

Resíduo:

0.000000
0.000000
0.000000



Gauss sem multiplicador

4.000000 0.000000 -3.000000 -2.000000
0.000000 -16.000000 13.000000 42.000000
0.000000 0.000000 -280.000000 -560.000000

Solução:

1.000000 -1.000000 2.000000 

Resíduo:

0.000000
0.000000
0.000000



Sem pivoteamento

1.000000 -1.333333 0.333333 3.000000
0.000000 1.000000 0.500000 0.000000
0.000000 0.000000 1.000000 2.000000

Solução:

1.000000 -1.000000 2.000000 

Resíduo:

0.000000
0.000000
0.000000



Gauss com multiplicador

27.000000 110.000000 -3.000000 134.000000
0.000000 -87.629630 16.444444 -71.185185
0.000000 0.000000 52.097210 52.097210

Solução:

1.000000 1.000000 1.000000 

Resíduo:

0.000000
0.000000
0.000000



Gauss sem multiplicador

27.000000 110.000000 -3.000000 134.000000
0.000000 -2366.000000 444.000000 -1922.000000
0.000000 0.000000 -3328074.000000 -3328074.000000

Solução:

1.000000 1.000000 1.000000 

Resíduo:

0.000000
0.000000
0.000000



Sem pivoteamento

1.000000 4.000000 52.000000 57.000000
0.000000 1.000000 -703.500000 -702.500000
0.000000 0.000000 1.000000 1.000000

Solução:

1.000000 1.000000 1.000000 

Resíduo:

0.000000
0.000000
0.000000



Gauss com multiplicador

1.000000 0.250000 -0.050000 1.200000
0.000000 0.975000 -0.095000 2.780000
0.000000 0.000000 0.980513 2.170256

Solução:

0.543933 3.066946 2.213389 

Resíduo:

-0.000000
0.000000
0.000000



Gauss sem multiplicador

1.000000 0.250000 -0.050000 1.200000
0.000000 0.975000 -0.095000 2.780000
0.000000 0.000000 0.956000 2.116000

Solução:

0.543933 3.066946 2.213389 

Resíduo:

0.000000
0.000000
0.000000



Sem pivoteamento

1.000000 0.250000 -0.050000 1.200000
0.000000 1.000000 -0.097436 2.851282
0.000000 0.000000 1.000000 2.213389

Solução:

0.543933 3.066946 2.213389 

Resíduo:

0.000000
0.000000
0.000000



Gauss com multiplicador

30.000000 3.000000 0.000000 -24.000000
0.000000 19.800000 2.000000 41.600000
0.000000 0.000000 29.757576 29.757576

Solução:

-1.000000 2.000000 1.000000 

Resíduo:

0.000000
0.000000
0.000000



Gauss sem multiplicador

30.000000 3.000000 0.000000 -24.000000
0.000000 594.000000 60.000000 1248.000000
0.000000 0.000000 530280.000000 530280.000000

Solução:

-1.000000 2.000000 1.000000 

Resíduo:

0.000000
0.000000
0.000000



Sem pivoteamento

1.000000 0.100000 0.000000 -0.800000
0.000000 1.000000 0.101010 2.101010
0.000000 0.000000 1.000000 1.000000

Solução:

-1.000000 2.000000 1.000000 

Resíduo:

0.000000
0.000000
0.000000



Gauss com multiplicador

1.000000 1.000000 1.000000 3.000000
0.000000 4.000000 24.000000 84.000000
0.000000 0.000000 -3.000000 -12.000000

Solução:

2.000000 -3.000000 4.000000 

Resíduo:

0.000000
0.000000
0.000000



Gauss sem multiplicador

1.000000 1.000000 1.000000 3.000000
0.000000 4.000000 24.000000 84.000000
0.000000 0.000000 -12.000000 -48.000000

Solução:

2.000000 -3.000000 4.000000 

Resíduo:

0.000000
0.000000
0.000000



Sem pivoteamento

1.000000 1.000000 1.000000 3.000000
0.000000 1.000000 3.000000 9.000000
0.000000 0.000000 1.000000 4.000000

Solução:

2.000000 -3.000000 4.000000 

Resíduo:

0.000000
0.000000
0.000000



Gauss com multiplicador

-3.000000 0.000000 0.000000 1.000000 3.000000 0.000000 0.000000 0.000000 0.000000 0.000000 0.000000 0.000000 0.000000 0.000000 0.000000 0.000000 0.000000 0.000000
0.000000 -1.000000 0.000000 0.000000 0.000000 1.000000 0.000000 0.000000 0.000000 0.000000 0.000000 0.000000 0.000000 0.000000 0.000000 0.000000 0.000000 0.000000
0.000000 0.000000 -1.000000 -1.000000 -6.000000 0.000000 0.000000 0.000000 0.000000 0.000000 0.000000 0.000000 0.000000 0.000000 0.000000 0.000000 0.000000 0.000000
0.000000 0.000000 0.000000 -1.000000 -6.000000 0.000000 0.000000 0.000000 0.000000 0.000000 0.000000 0.000000 0.000000 0.000000 0.000000 0.000000 0.000000 10.000000
0.000000 0.000000 0.000000 0.000000 6.000000 0.000000 0.000000 1.000000 0.000000 0.000000 0.000000 0.000000 0.000000 0.000000 0.000000 0.000000 0.000000 -10.000000
0.000000 0.000000 0.000000 0.000000 0.000000 -1.000000 0.000000 0.500000 3.000000 1.000000 0.000000 0.000000 0.000000 0.000000 0.000000 0.000000 0.000000 -5.000000
0.000000 0.000000 0.000000 0.000000 0.000000 0.000000 -1.000000 0.000000 0.000000 0.000000 0.000000 0.000000 0.000000 0.000000 0.000000 0.000000 0.000000 0.000000
0.000000 0.000000 0.000000 0.000000 0.000000 0.000000 0.000000 -1.000000 -3.000000 0.000000 0.000000 1.000000 3.000000 0.000000 0.000000 0.000000 0.000000 0.000000
0.000000 0.000000 0.000000 0.000000 0.000000 0.000000 0.000000 0.000000 4.500000 0.000000 0.000000 -0.500000 -1.500000 0.000000 0.000000 0.000000 0.000000 20.000000
0.000000 0.000000 0.000000 0.000000 0.000000 0.000000 0.000000 0.000000 0.000000 -1.000000 0.000000 0.000000 0.000000 1.000000 0.000000 0.000000 0.000000 0.000000
0.000000 0.000000 0.000000 0.000000 0.000000 0.000000 0.000000 0.000000 0.000000 0.000000 -1.000000 -0.333333 -4.000000 0.000000 0.000000 0.000000 0.000000 13.333333
0.000000 0.000000 0.000000 0.000000 0.000000 0.000000 0.000000 0.000000 0.000000 0.000000 0.000000 -1.000000 0.000000 0.000000 0.000000 0.000000 0.000000 0.000000
0.000000 0.000000 0.000000 0.000000 0.000000 0.000000 0.000000 0.000000 0.000000 0.000000 0.000000 0.000000 -4.000000 0.000000 0.000000 0.000000 0.000000 13.333333
0.000000 0.000000 0.000000 0.000000 0.000000 0.000000 0.000000 0.000000 0.000000 0.000000 0.000000 0.000000 0.000000 -1.000000 0.000000 0.000000 1.000000 -10.000000
0.000000 0.000000 0.000000 0.000000 0.000000 0.000000 0.000000 0.000000 0.000000 0.000000 0.000000 0.000000 0.000000 0.000000 -1.000000 -3.000000 0.000000 0.000000
0.000000 0.000000 0.000000 0.000000 0.000000 0.000000 0.000000 0.000000 0.000000 0.000000 0.000000 0.000000 0.000000 0.000000 0.000000 -3.000000 0.000000 20.000000
0.000000 0.000000 0.000000 0.000000 0.000000 0.000000 0.000000 0.000000 0.000000 0.000000 0.000000 0.000000 0.000000 0.000000 0.000000 0.000000 -1.000000 -20.000000

Solução:

-5.000000 35.000000 10.000000 -20.000000 1.666667 35.000000 -0.000000 -20.000000 3.333333 30.000000 -0.000000 -0.000000 -3.333333 30.000000 20.000000 -6.666667 20.000000 

Resíduo:

0.000000
0.000000
0.000000
0.000000
0.000000
0.000000
0.000000
0.000000
0.000000
0.000000
0.000000
0.000000
0.000000
0.000000
0.000000
0.000000
0.000000



Gauss sem multiplicador

-3.000000 0.000000 0.000000 1.000000 3.000000 0.000000 0.000000 0.000000 0.000000 0.000000 0.000000 0.000000 0.000000 0.000000 0.000000 0.000000 0.000000 0.000000
0.000000 3.000000 -0.000000 -0.000000 -0.000000 -3.000000 -0.000000 -0.000000 -0.000000 -0.000000 -0.000000 -0.000000 -0.000000 -0.000000 -0.000000 -0.000000 -0.000000 -0.000000
0.000000 0.000000 9.000000 9.000000 54.000000 0.000000 0.000000 0.000000 0.000000 0.000000 0.000000 0.000000 0.000000 0.000000 0.000000 0.000000 0.000000 0.000000
0.000000 0.000000 0.000000 81.000000 486.000000 0.000000 0.000000 0.000000 0.000000 0.000000 0.000000 0.000000 0.000000 0.000000 0.000000 0.000000 0.000000 -810.000000
0.000000 0.000000 0.000000 0.000000 -39366.000000 0.000000 0.000000 -6561.000000 0.000000 0.000000 0.000000 0.000000 0.000000 0.000000 0.000000 0.000000 0.000000 65610.000000
0.000000 0.000000 0.000000 0.000000 0.000000 -258280326.000000 -0.000000 129140163.000000 774840978.000000 258280326.000000 -0.000000 -0.000000 -0.000000 -0.000000 -0.000000 -0.000000 -0.000000 -1291401630.000000
0.000000 0.000000 0.000000 0.000000 0.000000 0.000000 66708726798666272.000000 0.000000 0.000000 0.000000 0.000000 0.000000 0.000000 0.000000 0.000000 0.000000 0.000000 0.000000
0.000000 0.000000 0.000000 0.000000 0.000000 0.000000 0.000000 4450054231099095754465766694453248.000000 13350162693297287839858052386783232.000000 0.000000 0.000000 -4450054231099095754465766694453248.000000 -13350162693297287839858052386783232.000000 0.000000 0.000000 0.000000 0.000000 0.000000
0.000000 0.000000 0.000000 0.000000 0.000000 0.000000 0.000000 0.000000 -89113421968753343230798833843817447955659948932704215139176801107968.000000 0.000000 0.000000 9901491329861481749767827856621611861421511713926128277866909007872.000000 29704473989584449739036513450398600305984341246199821216625499045888.000000 0.000000 0.000000 0.000000 0.000000 -396059653194459329853820179338648004079791216615997616221673320611840.000000
0.000000 0.000000 0.000000 0.000000 0.000000 0.000000 0.000000 0.000000 0.000000 -1764711549995797784526267879712853163801589563481655769926498973215532603105871410156328686833457737561402099248600004717102975791661056.000000 -0.000000 -0.000000 -0.000000 1764711549995797784526267879712853163801589563481655769926498973215532603105871410156328686833457737561402099248600004717102975791661056.000000 -0.000000 -0.000000 -0.000000 0.000000
0.000000 0.000000 0.000000 0.000000 0.000000 0.000000 0.000000 0.000000 0.000000 0.000000 3114206854688570976446246536145325414888032942115264034287952941108460388005318106432061149222195541888950514713319398638043617419815237167941414750676865107824975870343020704925462338393908821034465926331312588414156367457118204911022063604458283808768711511386668138496.000000 1038068951562857109453699295455216231595349973037226469425561296247146223260617349476805215666227283974601191055450958638004422234294599147376679911198172667631151956362858360595887278280822377896306609128334596971069329536267935298418902108016570424765829158580936245248.000000 12456827418754285782664193345756359152341555645775271465091710151809725721496120116386135251696709154408351703936122806690679265855626603467438325578268275871665130141348372829633580001301279618294951177611603433651567449304129358226673015588987415051228317855446089072640.000000 0.000000 0.000000 0.000000 0.000000 -41522758062514294700983611424671465474155830246717243080691892980453211862536356277690607228092689786673070690173687012281953268341795067271266862613511391627254824884383929478460009693723938953716245462708325818814954068566828374140972270762011355979477261297684240662528.000000
0.000000 0.000000 0.000000 0.000000 0.000000 0.000000 0.000000 0.000000 0.000000 0.000000 0.000000 inf inf 0.000000 0.000000 0.000000 0.000000 -inf
0.000000 0.000000 0.000000 0.000000 0.000000 0.000000 0.000000 0.000000 0.000000 0.000000 0.000000 0.000000 -nan -nan -nan -nan -nan -nan
0.000000 0.000000 0.000000 0.000000 0.000000 0.000000 0.000000 0.000000 0.000000 0.000000 0.000000 0.000000 0.000000 -nan -nan -nan -nan -nan
0.000000 0.000000 0.000000 0.000000 0.000000 0.000000 0.000000 0.000000 0.000000 0.000000 0.000000 0.000000 0.000000 0.000000 -nan -nan -nan -nan
0.000000 0.000000 0.000000 0.000000 0.000000 0.000000 0.000000 0.000000 0.000000 0.000000 0.000000 0.000000 0.000000 0.000000 0.000000 -nan -nan -nan
0.000000 0.000000 0.000000 0.000000 0.000000 0.000000 0.000000 0.000000 0.000000 0.000000 0.000000 0.000000 0.000000 0.000000 0.000000 0.000000 -nan -nan

Solução:

-nan -nan -nan -nan -nan -nan -nan -nan -nan -nan -nan -nan -nan -nan -nan -nan -nan 

Resíduo:

-nan
-nan
-nan
-nan
-nan
-nan
-nan
-nan
-nan
-nan
-nan
-nan
-nan
-nan
-nan
-nan
-nan



Sem pivoteamento

1.000000 -0.000000 -0.000000 -0.333333 -1.000000 -0.000000 -0.000000 -0.000000 -0.000000 -0.000000 -0.000000 -0.000000 -0.000000 -0.000000 -0.000000 -0.000000 -0.000000 -0.000000
0.000000 -nan -inf -inf -inf -nan -nan -nan -nan -nan -nan -nan -nan -nan -nan -nan -nan -nan
0.000000 -nan -nan -nan -nan -nan -nan -nan -nan -nan -nan -nan -nan -nan -nan -nan -nan -nan
0.000000 -nan -nan -nan -nan -nan -nan -nan -nan -nan -nan -nan -nan -nan -nan -nan -nan -nan
0.000000 -nan -nan -nan -nan -nan -nan -nan -nan -nan -nan -nan -nan -nan -nan -nan -nan -nan
0.000000 -nan -nan -nan -nan -nan -nan -nan -nan -nan -nan -nan -nan -nan -nan -nan -nan -nan
0.000000 -nan -nan -nan -nan -nan -nan -nan -nan -nan -nan -nan -nan -nan -nan -nan -nan -nan
0.000000 -nan -nan -nan -nan -nan -nan -nan -nan -nan -nan -nan -nan -nan -nan -nan -nan -nan
0.000000 -nan -nan -nan -nan -nan -nan -nan -nan -nan -nan -nan -nan -nan -nan -nan -nan -nan
0.000000 -nan -nan -nan -nan -nan -nan -nan -nan -nan -nan -nan -nan -nan -nan -nan -nan -nan
0.000000 -nan -nan -nan -nan -nan -nan -nan -nan -nan -nan -nan -nan -nan -nan -nan -nan -nan
0.000000 -nan -nan -nan -nan -nan -nan -nan -nan -nan -nan -nan -nan -nan -nan -nan -nan -nan
0.000000 -nan -nan -nan -nan -nan -nan -nan -nan -nan -nan -nan -nan -nan -nan -nan -nan -nan
0.000000 -nan -nan -nan -nan -nan -nan -nan -nan -nan -nan -nan -nan -nan -nan -nan -nan -nan
0.000000 -nan -nan -nan -nan -nan -nan -nan -nan -nan -nan -nan -nan -nan -nan -nan -nan -nan
0.000000 -nan -nan -nan -nan -nan -nan -nan -nan -nan -nan -nan -nan -nan -nan -nan -nan -nan
0.000000 -nan -nan -nan -nan -nan -nan -nan -nan -nan -nan -nan -nan -nan -nan -nan -nan -nan

Solução:

-nan -nan -nan -nan -nan -nan -nan -nan -nan -nan -nan -nan -nan -nan -nan -nan -nan 

Resíduo:

-nan
-nan
-nan
-nan
-nan
-nan
-nan
-nan
-nan
-nan
-nan
-nan
-nan
-nan
-nan
-nan
-nan



Gauss com multiplicador

6.000000 -3.000000 12.000000 11.000000 4.000000
0.000000 -2.000000 -5.000000 10.000000 5.000000
0.000000 0.000000 -1.000000 1.333333 0.666667
0.000000 0.000000 0.000000 5.000000 2.500000

Solução:

-0.250000 -0.000000 -0.000000 0.500000 

Resíduo:

0.000000
0.000000
0.000000
0.000000



Gauss sem multiplicador

6.000000 -3.000000 12.000000 11.000000 4.000000
0.000000 -12.000000 -30.000000 60.000000 30.000000
0.000000 0.000000 72.000000 -96.000000 -48.000000
0.000000 0.000000 0.000000 -25920.000000 -12960.000000

Solução:

-0.250000 -0.000000 0.000000 0.500000 

Resíduo:

0.000000
0.000000
0.000000
0.000000



Sem pivoteamento

1.000000 -0.500000 1.500000 2.500000 1.000000
0.000000 1.000000 4.000000 -2.000000 -1.000000
0.000000 0.000000 1.000000 -1.333333 -0.666667
0.000000 0.000000 0.000000 1.000000 0.500000

Solução:

-0.250000 0.000000 0.000000 0.500000 

Resíduo:

0.000000
0.000000
0.000000
0.000000



Gauss com multiplicador

144.000000 12.000000 1.000000 3.000000
0.000000 2.916667 0.826389 1.479167
0.000000 0.000000 -0.200000 -1.685714

Solução:

0.119048 -1.880952 8.428571 

Resíduo:

-0.000000
0.000000
0.000000



Gauss sem multiplicador

144.000000 12.000000 1.000000 3.000000
0.000000 420.000000 119.000000 213.000000
0.000000 0.000000 -12096.000000 -101952.000000

Solução:

0.119048 -1.880952 8.428571 

Resíduo:

-0.000000
0.000000
0.000000



Sem pivoteamento

1.000000 0.200000 0.040000 0.080000
0.000000 1.000000 0.325000 0.858333
0.000000 0.000000 1.000000 8.428571

Solução:

0.119048 -1.880952 8.428571 

Resíduo:

0.000000
0.000000
0.000000



